ALLANDE 721,32 714,53 736,68 791,17
ALLER 3835,40 3966,44 4070,26 4596,20
AMIEVA 229,70 232,16 222,22 244,60
AVILES 27907,10 27030,12 29236,94 30136,74
BELMONTE_MIRANDA 624,58 641,84 731,80 742,59
BIMENES 762,24 741,57 730,61 679,18
BOAL 560,51 435,16 497,07 526,32
CABRALES 925,76 917,89 939,83 997,50
CABRANES 360,08 405,56 412,97 358,44
CANDAMO 693,66 603,62 420,00 428,64
CANGAS_DE_ONIS 3525,04 3456,75 3625,91 3599,86
CANGAS_DEL_NARCEA 6070,10 6025,35 6113,61 5657,56
CARAVIA 393,12 360,34 339,92 379,46
CARRE헲 5200,98 5096,62 5133,66 6343,90
CASO 505,56 532,36 533,67 552,90
CASTRILLON 9832,38 9763,70 9983,58 10557,87
CASTROPOL 1537,35 1303,74 1581,10 1567,31
COA헤 1297,45 1311,96 1416,44 1561,14
COLUNGA 2121,56 2174,30 2214,35 2506,06
CORVERA 5798,38 6038,66 6337,60 6642,84
CUDILLERO 2822,44 2622,82 2886,93 3276,48
DEGA헤 471,20 437,90 572,04 572,04
EL_FRANCO 1518,15 1653,68 1655,97 1803,00
GIJON 93909,32 96583,68 101388,05 109401,49
GOZON 5561,56 5633,94 5763,32 6253,44
GRADO 3791,38 3897,98 4053,19 4284,88
GRANDAS_DE_SALIME 336,91 333,00 384,73 392,16
IBIAS 634,53 626,80 663,88 702,75
ILLANO 162,91 212,15 140,54 141,87
ILLAS 469,54 364,34 372,84 387,36
LANGREO 14057,50 13995,23 14858,11 15925,56
LAVIANA 3674,67 3702,38 3870,53 4041,44
LENA 3691,54 3818,47 4121,71 4700,33
LLANERA 5333,38 5455,16 5902,82 6270,60
LLANES 9310,10 8949,34 8993,62 9699,19
MIERES 12687,29 13149,57 13688,64 15284,17
MORCIN 985,88 963,34 991,78 1071,98
MUROS_DEL_NALON 1173,99 1033,57 979,34 1034,53
NAVA 2009,92 2120,22 2242,55 2469,79
NAVIA 3719,26 3713,55 3855,22 4464,86
NORE헤 2348,18 2305,54 2380,14 2553,54
ONIS 422,30 420,26 425,53 440,02
OVIEDO 64277,08 66184,99 68898,07 74975,52
PARRES 2379,05 2406,56 2459,19 2713,50
PE헤MELLERA_ALTA 220,03 216,81 222,98 245,20
PE헤MELLERA_BAJA 409,42 402,65 418,13 437,54
PESOZ 64,12 57,39 66,40 70,40
PILO헤 2638,38 2674,66 2801,08 3147,14
PONGA 211,19 208,05 220,56 229,36
PRAVIA 3753,20 3588,94 4423,26 4657,22
PROAZA 254,75 276,34 288,88 309,27
QUIROS 414,22 439,83 459,47 491,90
LAS_REGUERAS 749,76 709,56 689,62 741,36
RIBADEDEVA 995,04 953,26 971,01 1009,71
RIBADESELLA 3787,51 3570,54 3815,61 4455,05
RIBERA_DE_ARRIBA 903,08 996,65 1345,68 1127,64
RIOSA 552,45 572,45 587,44 659,45
SALAS 2110,80 2134,73 2056,04 2107,63
SAN_MARTIN_DE_OSCOS 198,41 261,08 247,22 184,96
SAN_MARTIN_DEL_REY_AURELIO 4870,05 4402,07 4514,34 4494,25
SAN_TIRSO_DE_ABRES 184,91 284,95 247,88 212,04
SANTA_EULALIA_DE_OSCOS 233,01 356,01 329,08 305,43
SANTO_ADRIANO 83,42 89,39 93,02 99,58
SARIEGO 864,80 712,13 445,06 510,62
SIERO 22921,27 21657,19 21835,85 23247,63
SOBRESCOBIO 193,72 206,72 216,09 219,58
SOMIEDO 280,80 299,36 354,72 338,74
SOTO_DEL_BARCO 2118,93 1962,11 1926,69 2035,21
TAPIA_DE_CASARIEGO 1830,97 1819,13 1883,88 2035,18
TARAMUNDI 295,84 414,15 391,69 360,25
TEVERGA 594,53 645,46 677,09 724,88
TINEO 3946,52 3909,35 3986,25 4280,79
VALDES 5316,30 5323,26 5694,17 6037,88
VEGADEO 1734,37 1413,80 1624,51 1584,84
VILLANUEVA_DE_OSCOS 130,62 79,32 83,27 77,71
VILLAVICIOSA 6655,46 6649,67 7728,18 8442,84
VILLAYON 376,91 353,18 305,24 327,03
YERNES_Y_TAMEZA 100,92 100,92 109,33 100,92
